# 连接

连接从是否有连接条件来看，可分为==条件连接==和==非条件连接==。非条件连接也就是作笛卡尔积，一般没什么意义，所以我们一般所说的连接都是条件连接。

## **θ**连接-条件连接

***定义：当关系R和S上分别存在一个或一组==度相同且具有可比性==的属性A和B时，我们就可通过某种θ（比较运算符）进行元组关联***



```sql
##emp

+-------+--------+-----------+------+------------+---------+---------+--------+
| EMPNO | ENAME  | JOB       | MGR  | HIREDATE   | SAL     | COMM    | DEPTNO |
+-------+--------+-----------+------+------------+---------+---------+--------+
|  7369 | SMITH  | CLERK     | 7902 | 1980-12-17 |  880.00 |    NULL |     20 |
|  7499 | ALLEN  | SALESMAN  | 7698 | 1981-02-20 | 1760.00 |  300.00 |     30 |
|  7521 | WARD   | SALESMAN  | 7698 | 1981-02-22 | 1375.00 |  500.00 |     30 |
|  7566 | JONES  | MANAGER   | 7839 | 1981-04-02 | 3272.50 |    NULL |     20 |
|  7654 | MARTIN | SALESMAN  | 7698 | 1981-09-28 | 1375.00 | 1400.00 |     30 |
|  7698 | BLAKE  | MANAGER   | 7839 | 1981-05-01 | 3135.00 |    NULL |     30 |
|  7782 | CLARK  | MANAGER   | 7839 | 1981-06-09 | 2695.00 |    NULL |     10 |
|  7788 | SCOTT  | ANALYST   | 7566 | 1987-04-19 | 3300.00 |    NULL |     20 |
|  7839 | KING   | PRESIDENT | NULL | 1981-11-17 | 5500.00 |    NULL |     10 |
|  7844 | TURNER | SALESMAN  | 7698 | 1981-09-08 | 1650.00 |    0.00 |     30 |
|  7876 | ADAMS  | CLERK     | 7788 | 1987-05-23 | 1210.00 |    NULL |     20 |
|  7900 | JAMES  | CLERK     | 7698 | 1981-12-03 | 1045.00 |    NULL |     30 |
|  7902 | FORD   | ANALYST   | 7566 | 1981-12-03 | 3300.00 |    NULL |     20 |
|  7934 | MILLER | CLERK     | 7782 | 1982-01-23 | 1430.00 |    NULL |     10 |
+-------+--------+-----------+------+------------+---------+---------+--------+
```





```sql
##salgrade

+-------+-------+-------+
| GRADE | LOSAL | HISAL |
+-------+-------+-------+
|     1 |   700 |  1200 |
|     2 |  1201 |  1400 |
|     3 |  1401 |  2000 |
|     4 |  2001 |  3000 |
|     5 |  3001 |  9999 |
+-------+-------+-------+
```







```sql
##d

+--------+------------+----------+
| DEPTNO | DNAME      | LOC      |
+--------+------------+----------+
|     10 | ACCOUNTING | NEW YORK |
|     20 | RESEARCH   | DALLAS   |
|     30 | SALES      | CHICAGO  |
|     40 | OPERATIONS | BOSTON   |
+--------+------------+----------+
```







按照**θ**将连接划分为如下两大类：

- 非等值连接

  θ是除了==“=”==以外的

```sql
##非等值连接

select e.ename,e.sal,s.grade from emp e join salgrade s on e.sal between s.losal and s.hisal;


+--------+---------+-------+
| ename  | sal     | grade |
+--------+---------+-------+
| SMITH  |  880.00 |     1 |
| ALLEN  | 1760.00 |     3 |
| WARD   | 1375.00 |     2 |
| JONES  | 3272.50 |     5 |
| MARTIN | 1375.00 |     2 |
| BLAKE  | 3135.00 |     5 |
| CLARK  | 2695.00 |     4 |
| SCOTT  | 3300.00 |     5 |
| KING   | 5500.00 |     5 |
| TURNER | 1650.00 |     3 |
| ADAMS  | 1210.00 |     2 |
| JAMES  | 1045.00 |     1 |
| FORD   | 3300.00 |     5 |
| MILLER | 1430.00 |     3 |
+--------+---------+-------+
```



​     

- 等值连接

  θ是“=”

  ```sql
  ##等值连接
  
  select e.ename,d.dname from emp e join dept d on e.deptno = d.deptno; 
  
  +--------+------------+
  | ename  | dname      |
  +--------+------------+
  | SMITH  | RESEARCH   |
  | ALLEN  | SALES      |
  | WARD   | SALES      |
  | JONES  | RESEARCH   |
  | MARTIN | SALES      |
  | BLAKE  | SALES      |
  | CLARK  | ACCOUNTING |
  | SCOTT  | RESEARCH   |
  | KING   | ACCOUNTING |
  | TURNER | SALES      |
  | ADAMS  | RESEARCH   |
  | JAMES  | SALES      |
  | FORD   | RESEARCH   |
  | MILLER | ACCOUNTING |
  +--------+------------+
  ```
  
  
  
  - 自然连接
  
    自然连接是一种特殊的等值连接，它要求比较的分量来自同相同属性组（公共属性），而不仅仅是像等值连接仅仅局限于==“值”==上
  
    
  
    ```sql
    ##自然连接
    
    select * from emp natural join dept;
    或者
    select * from emp join dept using(deptno);
    
    +--------+-------+--------+-----------+------+------------+---------+---------+------------+----------+
    | DEPTNO | EMPNO | ENAME  | JOB       | MGR  | HIREDATE   | SAL     | COMM    | DNAME      | LOC      |
    +--------+-------+--------+-----------+------+------------+---------+---------+------------+----------+
    |     20 |  7369 | SMITH  | CLERK     | 7902 | 1980-12-17 |  880.00 |    NULL | RESEARCH   | DALLAS   |
    |     30 |  7499 | ALLEN  | SALESMAN  | 7698 | 1981-02-20 | 1760.00 |  300.00 | SALES      | CHICAGO  |
    |     30 |  7521 | WARD   | SALESMAN  | 7698 | 1981-02-22 | 1375.00 |  500.00 | SALES      | CHICAGO  |
    |     20 |  7566 | JONES  | MANAGER   | 7839 | 1981-04-02 | 3272.50 |    NULL | RESEARCH   | DALLAS   |
    |     30 |  7654 | MARTIN | SALESMAN  | 7698 | 1981-09-28 | 1375.00 | 1400.00 | SALES      | CHICAGO  |
    |     30 |  7698 | BLAKE  | MANAGER   | 7839 | 1981-05-01 | 3135.00 |    NULL | SALES      | CHICAGO  |
    |     10 |  7782 | CLARK  | MANAGER   | 7839 | 1981-06-09 | 2695.00 |    NULL | ACCOUNTING | NEW YORK |
    |     20 |  7788 | SCOTT  | ANALYST   | 7566 | 1987-04-19 | 3300.00 |    NULL | RESEARCH   | DALLAS   |
    |     10 |  7839 | KING   | PRESIDENT | NULL | 1981-11-17 | 5500.00 |    NULL | ACCOUNTING | NEW YORK |
    |     30 |  7844 | TURNER | SALESMAN  | 7698 | 1981-09-08 | 1650.00 |    0.00 | SALES      | CHICAGO  |
    |     20 |  7876 | ADAMS  | CLERK     | 7788 | 1987-05-23 | 1210.00 |    NULL | RESEARCH   | DALLAS   |
    |     30 |  7900 | JAMES  | CLERK     | 7698 | 1981-12-03 | 1045.00 |    NULL | SALES      | CHICAGO  |
    |     20 |  7902 | FORD   | ANALYST   | 7566 | 1981-12-03 | 3300.00 |    NULL | RESEARCH   | DALLAS   |
    |     10 |  7934 | MILLER | CLERK     | 7782 | 1982-01-23 | 1430.00 |    NULL | ACCOUNTING | NEW YORK |
    +--------+-------+--------+-----------+------+------------+---------+---------+------------+----------+
    ```
    
    
    
    
    
    ***相比等值连接***
    
    - 等值不一定是自然连接，自然连接却一定是等值连接
    - 等值连接不需要公共属性，仅要求相同的分量；自然连接需要相同的分量来自公共属性
    - 等值连接不会去掉重复的列，自然连接会





按照是否严格于条件可分为：

- 内连接

  内连接只会显示所有满足条件的元组

- 外连接
  
  外连接既显示满足条件的元组，又会显示部分不满足条件的记录
  
  - 左连接     左表所有记录 + 右表条件适配记录
  
    ```sql
     select * from dept d left join emp e on d.deptno = e.deptno;
    
    +--------+------------+----------+-------+--------+-----------+------+------------+---------+---------+--------+
    | DEPTNO | DNAME      | LOC      | EMPNO | ENAME  | JOB       | MGR  | HIREDATE   | SAL     | COMM    | DEPTNO |
    +--------+------------+----------+-------+--------+-----------+------+------------+---------+---------+--------+
    |     20 | RESEARCH   | DALLAS   |  7369 | SMITH  | CLERK     | 7902 | 1980-12-17 |  880.00 |    NULL |     20 |
    |     30 | SALES      | CHICAGO  |  7499 | ALLEN  | SALESMAN  | 7698 | 1981-02-20 | 1760.00 |  300.00 |     30 |
    |     30 | SALES      | CHICAGO  |  7521 | WARD   | SALESMAN  | 7698 | 1981-02-22 | 1375.00 |  500.00 |     30 |
    |     20 | RESEARCH   | DALLAS   |  7566 | JONES  | MANAGER   | 7839 | 1981-04-02 | 3272.50 |    NULL |     20 |
    |     30 | SALES      | CHICAGO  |  7654 | MARTIN | SALESMAN  | 7698 | 1981-09-28 | 1375.00 | 1400.00 |     30 |
    |     30 | SALES      | CHICAGO  |  7698 | BLAKE  | MANAGER   | 7839 | 1981-05-01 | 3135.00 |    NULL |     30 |
    |     10 | ACCOUNTING | NEW YORK |  7782 | CLARK  | MANAGER   | 7839 | 1981-06-09 | 2695.00 |    NULL |     10 |
    |     20 | RESEARCH   | DALLAS   |  7788 | SCOTT  | ANALYST   | 7566 | 1987-04-19 | 3300.00 |    NULL |     20 |
    |     10 | ACCOUNTING | NEW YORK |  7839 | KING   | PRESIDENT | NULL | 1981-11-17 | 5500.00 |    NULL |     10 |
    |     30 | SALES      | CHICAGO  |  7844 | TURNER | SALESMAN  | 7698 | 1981-09-08 | 1650.00 |    0.00 |     30 |
    |     20 | RESEARCH   | DALLAS   |  7876 | ADAMS  | CLERK     | 7788 | 1987-05-23 | 1210.00 |    NULL |     20 |
    |     30 | SALES      | CHICAGO  |  7900 | JAMES  | CLERK     | 7698 | 1981-12-03 | 1045.00 |    NULL |     30 |
    |     20 | RESEARCH   | DALLAS   |  7902 | FORD   | ANALYST   | 7566 | 1981-12-03 | 3300.00 |    NULL |     20 |
    |     10 | ACCOUNTING | NEW YORK |  7934 | MILLER | CLERK     | 7782 | 1982-01-23 | 1430.00 |    NULL |     10 |
    |     40 | OPERATIONS | BOSTON   |  NULL | NULL   | NULL      | NULL | NULL       |    NULL |    NULL |   NULL |
    +--------+------------+----------+-------+--------+-----------+------+------------+---------+---------+--------+
    ```
  
    
  
  - 右连接     右表所有记录 + 左表条件适配记录
  
    ```sql
    select * from emp e right join dept d on e.deptno = d.deptno;
    
    
    +-------+--------+-----------+------+------------+---------+---------+--------+--------+------------+----------+
    | EMPNO | ENAME  | JOB       | MGR  | HIREDATE   | SAL     | COMM    | DEPTNO | DEPTNO | DNAME      | LOC      |
    +-------+--------+-----------+------+------------+---------+---------+--------+--------+------------+----------+
    |  7369 | SMITH  | CLERK     | 7902 | 1980-12-17 |  880.00 |    NULL |     20 |     20 | RESEARCH   | DALLAS   |
    |  7499 | ALLEN  | SALESMAN  | 7698 | 1981-02-20 | 1760.00 |  300.00 |     30 |     30 | SALES      | CHICAGO  |
    |  7521 | WARD   | SALESMAN  | 7698 | 1981-02-22 | 1375.00 |  500.00 |     30 |     30 | SALES      | CHICAGO  |
    |  7566 | JONES  | MANAGER   | 7839 | 1981-04-02 | 3272.50 |    NULL |     20 |     20 | RESEARCH   | DALLAS   |
    |  7654 | MARTIN | SALESMAN  | 7698 | 1981-09-28 | 1375.00 | 1400.00 |     30 |     30 | SALES      | CHICAGO  |
    |  7698 | BLAKE  | MANAGER   | 7839 | 1981-05-01 | 3135.00 |    NULL |     30 |     30 | SALES      | CHICAGO  |
    |  7782 | CLARK  | MANAGER   | 7839 | 1981-06-09 | 2695.00 |    NULL |     10 |     10 | ACCOUNTING | NEW YORK |
    |  7788 | SCOTT  | ANALYST   | 7566 | 1987-04-19 | 3300.00 |    NULL |     20 |     20 | RESEARCH   | DALLAS   |
    |  7839 | KING   | PRESIDENT | NULL | 1981-11-17 | 5500.00 |    NULL |     10 |     10 | ACCOUNTING | NEW YORK |
    |  7844 | TURNER | SALESMAN  | 7698 | 1981-09-08 | 1650.00 |    0.00 |     30 |     30 | SALES      | CHICAGO  |
    |  7876 | ADAMS  | CLERK     | 7788 | 1987-05-23 | 1210.00 |    NULL |     20 |     20 | RESEARCH   | DALLAS   |
    |  7900 | JAMES  | CLERK     | 7698 | 1981-12-03 | 1045.00 |    NULL |     30 |     30 | SALES      | CHICAGO  |
    |  7902 | FORD   | ANALYST   | 7566 | 1981-12-03 | 3300.00 |    NULL |     20 |     20 | RESEARCH   | DALLAS   |
    |  7934 | MILLER | CLERK     | 7782 | 1982-01-23 | 1430.00 |    NULL |     10 |     10 | ACCOUNTING | NEW YORK |
    |  NULL | NULL   | NULL      | NULL | NULL       |    NULL |    NULL |   NULL |     40 | OPERATIONS | BOSTON   |
    +-------+--------+-----------+------+------------+---------+---------+--------+--------+------------+----------+
    ```
  
    
  
  - 全连接      左连接 + 右连接 （会去掉重复行）
  
    ```sql
    ##mysql中没有直接实现全外连接的关键字，可以通过unino关键字将左连接和右连接的结果关联起来
    ```
  
    